Mesh:
    Nodes: 4
    {
    Node:
        ID: 1
        x-pos: 10
    Node:
        ID: 2
        x-pos: 30
    Node:
        ID: 3
        x-pos: 20
    Node:
        ID: 4
        x-pos: 0
    }
    Elements: 3
    {
    Element:
        ID: 1
        Connectivity: 4 1
        K: 
 12003.6    60018 -12003.6    60018
   60018   400120   -60018   200060
-12003.6   -60018  12003.6   -60018
   60018   200060   -60018   400120
        dof: 
7
8
1
2
    Element:
        ID: 2
        Connectivity: 1 3
        K: 
 12003.6    60018 -12003.6    60018
   60018   400120   -60018   200060
-12003.6   -60018  12003.6   -60018
   60018   200060   -60018   400120
        dof: 
1
2
5
6
    Element:
        ID: 3
        Connectivity: 3 2
        K: 
 12003.6    60018 -12003.6    60018
   60018   400120   -60018   200060
-12003.6   -60018  12003.6   -60018
   60018   200060   -60018   400120
        dof: 
5
6
3
4
    }

Material Parameters:
    E: 1e+07
    Height: 1.339
    Width: 0.5
    I: 0.10003

Constraints:
    Number: 4
    Values: 1 5 3 4 

Loads:
    Number: 1
    Values: 
    {
 
    Load:
        DOF: 1
        Value: 10
 
    }

Global Stiffness Matrix (no imposed constraints)
  K0 = 
 24007.2        0        0        0 -12003.6    60018 -12003.6   -60018
       0   800240        0        0   -60018   200060    60018   200060
       0        0  12003.6   -60018 -12003.6   -60018        0        0
       0        0   -60018   400120    60018   200060        0        0
-12003.6   -60018 -12003.6    60018  24007.2        0        0        0
   60018   200060   -60018   200060        0   800240        0        0
-12003.6    60018        0        0        0        0  12003.6    60018
  -60018   200060        0        0        0        0    60018   400120
